[[  1.14142220e+02   1.39684601e+01   1.09781784e+02   1.31399527e+01
    1.14954109e+02   1.40328703e+01   4.19829130e+00   2.29402915e-01
    3.85714293e+00]
 [  9.03634186e+01   1.12341032e+01   8.67385025e+01   1.08208551e+01
    9.10253983e+01   1.12559423e+01   3.28395534e+00   2.64256924e-01
    3.03061247e+00]
 [  1.28986786e+02   1.53845282e+01   1.24187485e+02   1.45185070e+01
    1.29895905e+02   1.54392862e+01   4.82306147e+00   3.18118960e-01
    4.89395046e+00]
 [  9.54769974e+01   1.50427685e+01   9.18247452e+01   1.42717896e+01
    9.61437149e+01   1.51214724e+01   3.61814380e+00   1.36037737e-01
    2.88906980e+00]
 [  1.13412788e+02   1.35704012e+01   1.08820107e+02   1.33325672e+01
    1.14220337e+02   1.35767374e+01   4.18428326e+00   2.50902027e-01
    2.67460966e+00]
 [  8.30906219e+01   8.44254494e+00   7.98428879e+01   7.99808216e+00
    8.37137375e+01   8.46183205e+00   2.62630153e+00   1.67482004e-01
    3.27409315e+00]
 [  9.00132217e+01   8.50149059e+00   8.69443130e+01   7.95727301e+00
    9.06789551e+01   8.54064751e+00   2.81098032e+00   2.77460277e-01
    3.11693192e+00]
 [  1.33585983e+02   1.34154263e+01   1.28225159e+02   1.31084642e+01
    1.34538086e+02   1.34172316e+01   4.69152880e+00   4.41123992e-01
    4.46846151e+00]
 [  1.48149429e+02   1.44066954e+01   1.42246216e+02   1.41171274e+01
    1.49182266e+02   1.44112082e+01   4.96871090e+00   3.97367090e-01
    4.73101664e+00]
 [  1.44001633e+02   1.71915283e+01   1.38383652e+02   1.67505341e+01
    1.44998596e+02   1.72059441e+01   5.11095285e+00   5.82166016e-01
    4.59753656e+00]
 [  1.29263840e+02   1.69987354e+01   1.24666679e+02   1.61655693e+01
    1.30201401e+02   1.70255241e+01   5.02078676e+00   4.76057678e-01
    4.16419744e+00]
 [  2.00222214e+02   1.42746716e+01   1.92850128e+02   1.42821665e+01
    2.01731308e+02   1.41732407e+01   4.05430269e+00   1.96176186e-01
    3.43443561e+00]
 [  1.15329788e+02   4.29138527e+01   1.06759644e+02   4.38782387e+01
    1.08866089e+02   5.38655930e+01   5.29710531e+00   4.61260498e-01
    2.37265825e+00]
 [  1.01054985e+02   4.78126106e+01   8.51017303e+01   5.00967598e+01
    9.21713791e+01   5.95935631e+01   4.90985584e+00   4.92961735e-01
    2.40616632e+00]
 [  2.82430706e+01   1.14067898e+01   2.19477596e+01   1.13529615e+01
    2.30294838e+01   1.31546888e+01   1.35722518e+00   1.43833026e-01
    5.50220191e-01]
 [  1.17926311e+01   3.71642351e+00   1.05049829e+01   3.29103899e+00
    9.14939404e+00   3.62533355e+00   4.92179573e-01   4.27606404e-02
    1.62507877e-01]
 [  1.11207886e+01   3.82477999e+00   9.66710758e+00   3.32846332e+00
    8.03354073e+00   3.20725060e+00   3.49285692e-01   2.93514002e-02
    1.48661003e-01]
 [  3.96085625e+01   1.52218409e+01   3.80261040e+01   1.38236065e+01
    3.32860146e+01   1.68596287e+01   1.95833743e+00   1.53167516e-01
    6.12452149e-01]
 [  1.37995577e+01   8.04814148e+00   1.27886295e+01   7.45868635e+00
    1.15876608e+01   8.41264725e+00   8.22960377e-01   7.10791051e-02
    2.36158997e-01]
 [  6.77370377e+01   2.83877010e+01   6.83058243e+01   2.75102844e+01
    6.89106827e+01   3.07455788e+01   3.16037917e+00   2.12924495e-01
    1.18700576e+00]
 [  3.32710609e+01   1.28902569e+01   3.18148499e+01   1.26800051e+01
    3.01656990e+01   1.39960327e+01   1.55053353e+00   1.38411626e-01
    6.13821626e-01]
 [  8.98615036e+01   3.28563461e+01   7.72620697e+01   2.30559750e+01
    6.97692795e+01   2.52796383e+01   4.01009655e+00   3.33829224e-01
    1.91477942e+00]
 [  9.38671875e+01   3.79077148e+01   8.49884109e+01   3.01485329e+01
    9.21775894e+01   3.40290947e+01   4.80650091e+00   3.86901826e-01
    1.49695647e+00]
 [  7.29638748e+01   4.73336143e+01   7.25592880e+01   4.31746750e+01
    9.42597656e+01   5.71313972e+01   5.60312557e+00   5.97276032e-01
    3.51774836e+00]
 [  9.47304916e+01   2.04664021e+01   9.08774567e+01   1.47949228e+01
    9.80298996e+01   1.29107065e+01   2.59943891e+00   7.64058456e-02
    1.66134810e+00]
 [  1.19383705e+02   3.22916222e+01   1.17864449e+02   2.57390690e+01
    1.43335983e+02   3.07356663e+01   5.14742565e+00   3.70871812e-01
    2.98790526e+00]
 [  1.08954292e+02   4.62077141e+01   1.02811165e+02   4.25472221e+01
    1.16145668e+02   4.70317078e+01   5.07002687e+00   3.16477209e-01
    1.21385384e+00]
 [  1.67057323e+01   1.42329683e+01   5.14639702e+01   1.91553860e+01
    6.47190399e+01   2.49341087e+01   3.99288154e+00   5.00992358e-01
    1.82906616e+00]
 [  5.61746178e+01   2.89717407e+01   4.65392494e+01   2.24626961e+01
    3.58592796e+01   2.48970070e+01   4.44339085e+00   5.50797522e-01
    1.02960956e+00]
 [  6.20025330e+01   3.29894028e+01   6.04165535e+01   2.84496021e+01
    5.44602432e+01   3.86249046e+01   5.82494879e+00   6.36224627e-01
    1.96534324e+00]
 [  5.06089668e+01   3.19438362e+01   6.15477867e+01   2.82719841e+01
    8.83703079e+01   3.50317154e+01   4.69173956e+00   4.25630957e-01
    3.14161944e+00]
 [  3.39535065e+01   8.08640957e+00   2.71326904e+01   5.52142429e+00
    2.00899525e+01   8.66915131e+00   1.54267180e+00   5.90480641e-02
    9.69343603e-01]
 [  5.67631645e+01   2.42523308e+01   4.21183128e+01   1.79070129e+01
    2.86959133e+01   1.71944809e+01   3.93374419e+00   2.39271045e-01
    1.74890518e+00]
 [  6.47393570e+01   2.59052734e+01   6.10066223e+01   1.89090137e+01
    4.09245110e+01   2.36000423e+01   4.80147171e+00   4.98262435e-01
    2.56246066e+00]]